Label,Qubits,Iteration,Mitigation_Method,Abs_Error,Exp_Value,Ideal_Value,Circuit_Density,H_ZNE_Score,Max_Readout_Err,Estimator_Options,Job_ID
5q,5,1,Adaptive_Est.,0.131263617,-0.868736383,-1,0.585,0.087776052,0.026000977,"EstimatorOptions(_VERSION=2, max_execution_time=Unset, environment=EnvironmentOptions(log_level='WARNING', job_tags=None, private=False), simulator=SimulatorOptions(noise_model=Unset, seed_simulator=Unset, coupling_map=Unset, basis_gates=Unset), default_precision=Unset, default_shots=None, resilience_level=1, seed_estimator=Unset, dynamical_decoupling=DynamicalDecouplingOptions(enable=False, sequence_type=Unset, extra_slack_distribution=Unset, scheduling_method=Unset, skip_reset_qubits=Unset), resilience=ResilienceOptionsV2(measure_mitigation=True, measure_noise_learning=MeasureNoiseLearningOptions(num_randomizations=32, shots_per_randomization=4096), zne_mitigation=False, zne=ZneOptions(amplifier=Unset, noise_factors=Unset, extrapolator=Unset, extrapolated_noise_factors=Unset), pec_mitigation=Unset, pec=PecOptions(max_overhead=Unset, noise_gain=Unset), layer_noise_learning=LayerNoiseLearningOptions(max_layers_to_learn=Unset, shots_per_randomization=Unset, num_randomizations=Unset, layer_pair_depths=Unset), layer_noise_model=Unset), execution=ExecutionOptionsV2(init_qubits=Unset, rep_delay=Unset), twirling=TwirlingOptions(enable_gates=False, enable_measure=True, num_randomizations=32, shots_per_randomization=128, strategy=Unset), experimental=Unset)",d4vqtdmaec6c738smp1g
5q,5,2,Adaptive_Est.,0.134208557,-0.865791443,-1,0.585,0.087776052,0.026000977,"EstimatorOptions(_VERSION=2, max_execution_time=Unset, environment=EnvironmentOptions(log_level='WARNING', job_tags=None, private=False), simulator=SimulatorOptions(noise_model=Unset, seed_simulator=Unset, coupling_map=Unset, basis_gates=Unset), default_precision=Unset, default_shots=None, resilience_level=1, seed_estimator=Unset, dynamical_decoupling=DynamicalDecouplingOptions(enable=False, sequence_type=Unset, extra_slack_distribution=Unset, scheduling_method=Unset, skip_reset_qubits=Unset), resilience=ResilienceOptionsV2(measure_mitigation=True, measure_noise_learning=MeasureNoiseLearningOptions(num_randomizations=32, shots_per_randomization=4096), zne_mitigation=False, zne=ZneOptions(amplifier=Unset, noise_factors=Unset, extrapolator=Unset, extrapolated_noise_factors=Unset), pec_mitigation=Unset, pec=PecOptions(max_overhead=Unset, noise_gain=Unset), layer_noise_learning=LayerNoiseLearningOptions(max_layers_to_learn=Unset, shots_per_randomization=Unset, num_randomizations=Unset, layer_pair_depths=Unset), layer_noise_model=Unset), execution=ExecutionOptionsV2(init_qubits=Unset, rep_delay=Unset), twirling=TwirlingOptions(enable_gates=False, enable_measure=True, num_randomizations=32, shots_per_randomization=128, strategy=Unset), experimental=Unset)",d4vqtf7g0u6s73db3lu0
5q,5,3,Adaptive_Est.,0.14869281,-0.85130719,-1,0.585,0.087776052,0.026000977,"EstimatorOptions(_VERSION=2, max_execution_time=Unset, environment=EnvironmentOptions(log_level='WARNING', job_tags=None, private=False), simulator=SimulatorOptions(noise_model=Unset, seed_simulator=Unset, coupling_map=Unset, basis_gates=Unset), default_precision=Unset, default_shots=None, resilience_level=1, seed_estimator=Unset, dynamical_decoupling=DynamicalDecouplingOptions(enable=False, sequence_type=Unset, extra_slack_distribution=Unset, scheduling_method=Unset, skip_reset_qubits=Unset), resilience=ResilienceOptionsV2(measure_mitigation=True, measure_noise_learning=MeasureNoiseLearningOptions(num_randomizations=32, shots_per_randomization=4096), zne_mitigation=False, zne=ZneOptions(amplifier=Unset, noise_factors=Unset, extrapolator=Unset, extrapolated_noise_factors=Unset), pec_mitigation=Unset, pec=PecOptions(max_overhead=Unset, noise_gain=Unset), layer_noise_learning=LayerNoiseLearningOptions(max_layers_to_learn=Unset, shots_per_randomization=Unset, num_randomizations=Unset, layer_pair_depths=Unset), layer_noise_model=Unset), execution=ExecutionOptionsV2(init_qubits=Unset, rep_delay=Unset), twirling=TwirlingOptions(enable_gates=False, enable_measure=True, num_randomizations=32, shots_per_randomization=128, strategy=Unset), experimental=Unset)",d4vqtgsgk3fc73av9v6g
5q,5,1,Default_IBM_Est.,0.036897873,-0.963102127,-1,0.585,0.087776052,0.026000977,None,d4vqtdeaec6c738smp10
5q,5,2,Default_IBM_Est.,0.044074437,-0.955925563,-1,0.585,0.087776052,0.026000977,None,d4vqteteastc73cihob0
5q,5,3,Default_IBM_Est.,0.037879358,-0.962120642,-1,0.585,0.087776052,0.026000977,None,d4vqtgkgk3fc73av9v5g
10q,10,1,Adaptive_Est.,0.17817575,0.82182425,1,0.329333333,0.229707891,0.021728516,"EstimatorOptions(_VERSION=2, max_execution_time=Unset, environment=EnvironmentOptions(log_level='WARNING', job_tags=None, private=False), simulator=SimulatorOptions(noise_model=Unset, seed_simulator=Unset, coupling_map=Unset, basis_gates=Unset), default_precision=Unset, default_shots=None, resilience_level=2, seed_estimator=Unset, dynamical_decoupling=DynamicalDecouplingOptions(enable=False, sequence_type=Unset, extra_slack_distribution=Unset, scheduling_method=Unset, skip_reset_qubits=Unset), resilience=ResilienceOptionsV2(measure_mitigation=True, measure_noise_learning=MeasureNoiseLearningOptions(num_randomizations=32, shots_per_randomization=4096), zne_mitigation=True, zne=ZneOptions(amplifier='gate_folding', noise_factors=(1.0, 3.0, 5.0), extrapolator='exponential', extrapolated_noise_factors=Unset), pec_mitigation=Unset, pec=PecOptions(max_overhead=Unset, noise_gain=Unset), layer_noise_learning=LayerNoiseLearningOptions(max_layers_to_learn=Unset, shots_per_randomization=Unset, num_randomizations=Unset, layer_pair_depths=Unset), layer_noise_model=Unset), execution=ExecutionOptionsV2(init_qubits=Unset, rep_delay=Unset), twirling=TwirlingOptions(enable_gates=True, enable_measure=True, num_randomizations=32, shots_per_randomization=128, strategy=Unset), experimental=Unset)",d4vqbpfg0u6s73db342g
10q,10,2,Adaptive_Est.,0.11776481,0.88223519,1,0.329333333,0.229707891,0.021728516,"EstimatorOptions(_VERSION=2, max_execution_time=Unset, environment=EnvironmentOptions(log_level='WARNING', job_tags=None, private=False), simulator=SimulatorOptions(noise_model=Unset, seed_simulator=Unset, coupling_map=Unset, basis_gates=Unset), default_precision=Unset, default_shots=None, resilience_level=2, seed_estimator=Unset, dynamical_decoupling=DynamicalDecouplingOptions(enable=False, sequence_type=Unset, extra_slack_distribution=Unset, scheduling_method=Unset, skip_reset_qubits=Unset), resilience=ResilienceOptionsV2(measure_mitigation=True, measure_noise_learning=MeasureNoiseLearningOptions(num_randomizations=32, shots_per_randomization=4096), zne_mitigation=True, zne=ZneOptions(amplifier='gate_folding', noise_factors=(1.0, 3.0, 5.0), extrapolator='exponential', extrapolated_noise_factors=Unset), pec_mitigation=Unset, pec=PecOptions(max_overhead=Unset, noise_gain=Unset), layer_noise_learning=LayerNoiseLearningOptions(max_layers_to_learn=Unset, shots_per_randomization=Unset, num_randomizations=Unset, layer_pair_depths=Unset), layer_noise_model=Unset), execution=ExecutionOptionsV2(init_qubits=Unset, rep_delay=Unset), twirling=TwirlingOptions(enable_gates=True, enable_measure=True, num_randomizations=32, shots_per_randomization=128, strategy=Unset), experimental=Unset)",d4vqbqng0u6s73db344g
10q,10,3,Adaptive_Est.,0.179223308,0.820776692,1,0.329333333,0.229707891,0.021728516,"EstimatorOptions(_VERSION=2, max_execution_time=Unset, environment=EnvironmentOptions(log_level='WARNING', job_tags=None, private=False), simulator=SimulatorOptions(noise_model=Unset, seed_simulator=Unset, coupling_map=Unset, basis_gates=Unset), default_precision=Unset, default_shots=None, resilience_level=2, seed_estimator=Unset, dynamical_decoupling=DynamicalDecouplingOptions(enable=False, sequence_type=Unset, extra_slack_distribution=Unset, scheduling_method=Unset, skip_reset_qubits=Unset), resilience=ResilienceOptionsV2(measure_mitigation=True, measure_noise_learning=MeasureNoiseLearningOptions(num_randomizations=32, shots_per_randomization=4096), zne_mitigation=True, zne=ZneOptions(amplifier='gate_folding', noise_factors=(1.0, 3.0, 5.0), extrapolator='exponential', extrapolated_noise_factors=Unset), pec_mitigation=Unset, pec=PecOptions(max_overhead=Unset, noise_gain=Unset), layer_noise_learning=LayerNoiseLearningOptions(max_layers_to_learn=Unset, shots_per_randomization=Unset, num_randomizations=Unset, layer_pair_depths=Unset), layer_noise_model=Unset), execution=ExecutionOptionsV2(init_qubits=Unset, rep_delay=Unset), twirling=TwirlingOptions(enable_gates=True, enable_measure=True, num_randomizations=32, shots_per_randomization=128, strategy=Unset), experimental=Unset)",d4vqbrvg0u6s73db3460
10q,10,1,Default_IBM_Est.,0.856402665,1.856402665,1,0.329333333,0.229707891,0.021728516,None,d4vqbosgk3fc73av9d30
10q,10,2,Default_IBM_Est.,0.771914598,1.771914598,1,0.329333333,0.229707891,0.021728516,None,d4vqbqkgk3fc73av9d60
10q,10,3,Default_IBM_Est.,0.728842537,1.728842537,1,0.329333333,0.229707891,0.021728516,None,d4vqbrkgk3fc73av9d7g
15q,15,1,Adaptive_Est.,0.259098414,-0.740901586,-1,0.228484848,0.567540937,0.064453125,"EstimatorOptions(_VERSION=2, max_execution_time=Unset, environment=EnvironmentOptions(log_level='WARNING', job_tags=None, private=False), simulator=SimulatorOptions(noise_model=Unset, seed_simulator=Unset, coupling_map=Unset, basis_gates=Unset), default_precision=Unset, default_shots=None, resilience_level=2, seed_estimator=Unset, dynamical_decoupling=DynamicalDecouplingOptions(enable=False, sequence_type=Unset, extra_slack_distribution=Unset, scheduling_method=Unset, skip_reset_qubits=Unset), resilience=ResilienceOptionsV2(measure_mitigation=True, measure_noise_learning=MeasureNoiseLearningOptions(num_randomizations=32, shots_per_randomization=4096), zne_mitigation=True, zne=ZneOptions(amplifier='gate_folding', noise_factors=(1.0, 3.0, 5.0), extrapolator='exponential', extrapolated_noise_factors=Unset), pec_mitigation=Unset, pec=PecOptions(max_overhead=Unset, noise_gain=Unset), layer_noise_learning=LayerNoiseLearningOptions(max_layers_to_learn=Unset, shots_per_randomization=Unset, num_randomizations=Unset, layer_pair_depths=Unset), layer_noise_model=Unset), execution=ExecutionOptionsV2(init_qubits=Unset, rep_delay=Unset), twirling=TwirlingOptions(enable_gates=True, enable_measure=True, num_randomizations=32, shots_per_randomization=128, strategy=Unset), experimental=Unset)",d4vqbpkgk3fc73av9d40
15q,15,2,Adaptive_Est.,0.467448963,-0.532551037,-1,0.228484848,0.567540937,0.064453125,"EstimatorOptions(_VERSION=2, max_execution_time=Unset, environment=EnvironmentOptions(log_level='WARNING', job_tags=None, private=False), simulator=SimulatorOptions(noise_model=Unset, seed_simulator=Unset, coupling_map=Unset, basis_gates=Unset), default_precision=Unset, default_shots=None, resilience_level=2, seed_estimator=Unset, dynamical_decoupling=DynamicalDecouplingOptions(enable=False, sequence_type=Unset, extra_slack_distribution=Unset, scheduling_method=Unset, skip_reset_qubits=Unset), resilience=ResilienceOptionsV2(measure_mitigation=True, measure_noise_learning=MeasureNoiseLearningOptions(num_randomizations=32, shots_per_randomization=4096), zne_mitigation=True, zne=ZneOptions(amplifier='gate_folding', noise_factors=(1.0, 3.0, 5.0), extrapolator='exponential', extrapolated_noise_factors=Unset), pec_mitigation=Unset, pec=PecOptions(max_overhead=Unset, noise_gain=Unset), layer_noise_learning=LayerNoiseLearningOptions(max_layers_to_learn=Unset, shots_per_randomization=Unset, num_randomizations=Unset, layer_pair_depths=Unset), layer_noise_model=Unset), execution=ExecutionOptionsV2(init_qubits=Unset, rep_delay=Unset), twirling=TwirlingOptions(enable_gates=True, enable_measure=True, num_randomizations=32, shots_per_randomization=128, strategy=Unset), experimental=Unset)",d4vqbqvg0u6s73db3450
15q,15,3,Adaptive_Est.,0.203065196,-0.796934804,-1,0.228484848,0.567540937,0.064453125,"EstimatorOptions(_VERSION=2, max_execution_time=Unset, environment=EnvironmentOptions(log_level='WARNING', job_tags=None, private=False), simulator=SimulatorOptions(noise_model=Unset, seed_simulator=Unset, coupling_map=Unset, basis_gates=Unset), default_precision=Unset, default_shots=None, resilience_level=2, seed_estimator=Unset, dynamical_decoupling=DynamicalDecouplingOptions(enable=False, sequence_type=Unset, extra_slack_distribution=Unset, scheduling_method=Unset, skip_reset_qubits=Unset), resilience=ResilienceOptionsV2(measure_mitigation=True, measure_noise_learning=MeasureNoiseLearningOptions(num_randomizations=32, shots_per_randomization=4096), zne_mitigation=True, zne=ZneOptions(amplifier='gate_folding', noise_factors=(1.0, 3.0, 5.0), extrapolator='exponential', extrapolated_noise_factors=Unset), pec_mitigation=Unset, pec=PecOptions(max_overhead=Unset, noise_gain=Unset), layer_noise_learning=LayerNoiseLearningOptions(max_layers_to_learn=Unset, shots_per_randomization=Unset, num_randomizations=Unset, layer_pair_depths=Unset), layer_noise_model=Unset), execution=ExecutionOptionsV2(init_qubits=Unset, rep_delay=Unset), twirling=TwirlingOptions(enable_gates=True, enable_measure=True, num_randomizations=32, shots_per_randomization=128, strategy=Unset), experimental=Unset)",d4vqbs4gk3fc73av9d8g
15q,15,1,Default_IBM_Est.,0.781086519,-0.218913481,-1,0.228484848,0.567540937,0.064453125,None,d4vqbosgk3fc73av9d30
15q,15,2,Default_IBM_Est.,0.773940345,-0.226059655,-1,0.228484848,0.567540937,0.064453125,None,d4vqbqkgk3fc73av9d60
15q,15,3,Default_IBM_Est.,0.763009901,-0.236990099,-1,0.228484848,0.567540937,0.064453125,None,d4vqbrkgk3fc73av9d7g
20q,20,1,Adaptive_Est.,0.533810774,0.466189226,1,0.174482759,0.866208206,0.021728516,"EstimatorOptions(_VERSION=2, max_execution_time=Unset, environment=EnvironmentOptions(log_level='WARNING', job_tags=None, private=False), simulator=SimulatorOptions(noise_model=Unset, seed_simulator=Unset, coupling_map=Unset, basis_gates=Unset), default_precision=Unset, default_shots=None, resilience_level=2, seed_estimator=Unset, dynamical_decoupling=DynamicalDecouplingOptions(enable=False, sequence_type=Unset, extra_slack_distribution=Unset, scheduling_method=Unset, skip_reset_qubits=Unset), resilience=ResilienceOptionsV2(measure_mitigation=True, measure_noise_learning=MeasureNoiseLearningOptions(num_randomizations=32, shots_per_randomization=4096), zne_mitigation=True, zne=ZneOptions(amplifier='gate_folding', noise_factors=(1.0, 3.0, 5.0), extrapolator='exponential', extrapolated_noise_factors=Unset), pec_mitigation=Unset, pec=PecOptions(max_overhead=Unset, noise_gain=Unset), layer_noise_learning=LayerNoiseLearningOptions(max_layers_to_learn=Unset, shots_per_randomization=Unset, num_randomizations=Unset, layer_pair_depths=Unset), layer_noise_model=Unset), execution=ExecutionOptionsV2(init_qubits=Unset, rep_delay=Unset), twirling=TwirlingOptions(enable_gates=True, enable_measure=True, num_randomizations=32, shots_per_randomization=128, strategy=Unset), experimental=Unset)",d4vqtduaec6c738smp20
20q,20,2,Adaptive_Est.,0.503146876,0.496853124,1,0.174482759,0.866208206,0.021728516,"EstimatorOptions(_VERSION=2, max_execution_time=Unset, environment=EnvironmentOptions(log_level='WARNING', job_tags=None, private=False), simulator=SimulatorOptions(noise_model=Unset, seed_simulator=Unset, coupling_map=Unset, basis_gates=Unset), default_precision=Unset, default_shots=None, resilience_level=2, seed_estimator=Unset, dynamical_decoupling=DynamicalDecouplingOptions(enable=False, sequence_type=Unset, extra_slack_distribution=Unset, scheduling_method=Unset, skip_reset_qubits=Unset), resilience=ResilienceOptionsV2(measure_mitigation=True, measure_noise_learning=MeasureNoiseLearningOptions(num_randomizations=32, shots_per_randomization=4096), zne_mitigation=True, zne=ZneOptions(amplifier='gate_folding', noise_factors=(1.0, 3.0, 5.0), extrapolator='exponential', extrapolated_noise_factors=Unset), pec_mitigation=Unset, pec=PecOptions(max_overhead=Unset, noise_gain=Unset), layer_noise_learning=LayerNoiseLearningOptions(max_layers_to_learn=Unset, shots_per_randomization=Unset, num_randomizations=Unset, layer_pair_depths=Unset), layer_noise_model=Unset), execution=ExecutionOptionsV2(init_qubits=Unset, rep_delay=Unset), twirling=TwirlingOptions(enable_gates=True, enable_measure=True, num_randomizations=32, shots_per_randomization=128, strategy=Unset), experimental=Unset)",d4vqtfkgk3fc73av9v4g
20q,20,3,Adaptive_Est.,0.464231965,0.535768035,1,0.174482759,0.866208206,0.021728516,"EstimatorOptions(_VERSION=2, max_execution_time=Unset, environment=EnvironmentOptions(log_level='WARNING', job_tags=None, private=False), simulator=SimulatorOptions(noise_model=Unset, seed_simulator=Unset, coupling_map=Unset, basis_gates=Unset), default_precision=Unset, default_shots=None, resilience_level=2, seed_estimator=Unset, dynamical_decoupling=DynamicalDecouplingOptions(enable=False, sequence_type=Unset, extra_slack_distribution=Unset, scheduling_method=Unset, skip_reset_qubits=Unset), resilience=ResilienceOptionsV2(measure_mitigation=True, measure_noise_learning=MeasureNoiseLearningOptions(num_randomizations=32, shots_per_randomization=4096), zne_mitigation=True, zne=ZneOptions(amplifier='gate_folding', noise_factors=(1.0, 3.0, 5.0), extrapolator='exponential', extrapolated_noise_factors=Unset), pec_mitigation=Unset, pec=PecOptions(max_overhead=Unset, noise_gain=Unset), layer_noise_learning=LayerNoiseLearningOptions(max_layers_to_learn=Unset, shots_per_randomization=Unset, num_randomizations=Unset, layer_pair_depths=Unset), layer_noise_model=Unset), execution=ExecutionOptionsV2(init_qubits=Unset, rep_delay=Unset), twirling=TwirlingOptions(enable_gates=True, enable_measure=True, num_randomizations=32, shots_per_randomization=128, strategy=Unset), experimental=Unset)",d4vqth5eastc73cihoe0
20q,20,1,Default_IBM_Est.,0.519582245,0.480417755,1,0.174482759,0.866208206,0.021728516,None,d4vqtdeaec6c738smp10
20q,20,2,Default_IBM_Est.,0.593589356,0.406410644,1,0.174482759,0.866208206,0.021728516,None,d4vqteteastc73cihob0
20q,20,3,Default_IBM_Est.,0.634841213,0.365158787,1,0.174482759,0.866208206,0.021728516,None,d4vqtgkgk3fc73av9v5g
25q,25,1,Adaptive_Est.,351.8482394,-352.8482394,-1,0.141333333,1.270848679,0.041137695,"EstimatorOptions(_VERSION=2, max_execution_time=Unset, environment=EnvironmentOptions(log_level='WARNING', job_tags=None, private=False), simulator=SimulatorOptions(noise_model=Unset, seed_simulator=Unset, coupling_map=Unset, basis_gates=Unset), default_precision=Unset, default_shots=None, resilience_level=2, seed_estimator=Unset, dynamical_decoupling=DynamicalDecouplingOptions(enable=False, sequence_type=Unset, extra_slack_distribution=Unset, scheduling_method=Unset, skip_reset_qubits=Unset), resilience=ResilienceOptionsV2(measure_mitigation=True, measure_noise_learning=MeasureNoiseLearningOptions(num_randomizations=32, shots_per_randomization=4096), zne_mitigation=True, zne=ZneOptions(amplifier='gate_folding', noise_factors=(1.0, 3.0, 5.0), extrapolator='exponential', extrapolated_noise_factors=Unset), pec_mitigation=Unset, pec=PecOptions(max_overhead=Unset, noise_gain=Unset), layer_noise_learning=LayerNoiseLearningOptions(max_layers_to_learn=Unset, shots_per_randomization=Unset, num_randomizations=Unset, layer_pair_depths=Unset), layer_noise_model=Unset), execution=ExecutionOptionsV2(init_qubits=Unset, rep_delay=Unset), twirling=TwirlingOptions(enable_gates=True, enable_measure=True, num_randomizations=32, shots_per_randomization=128, strategy=Unset), experimental=Unset)",d4vqbpuaec6c738sm7f0
25q,25,2,Adaptive_Est.,0.516178428,-0.483821572,-1,0.141333333,1.270848679,0.041137695,"EstimatorOptions(_VERSION=2, max_execution_time=Unset, environment=EnvironmentOptions(log_level='WARNING', job_tags=None, private=False), simulator=SimulatorOptions(noise_model=Unset, seed_simulator=Unset, coupling_map=Unset, basis_gates=Unset), default_precision=Unset, default_shots=None, resilience_level=2, seed_estimator=Unset, dynamical_decoupling=DynamicalDecouplingOptions(enable=False, sequence_type=Unset, extra_slack_distribution=Unset, scheduling_method=Unset, skip_reset_qubits=Unset), resilience=ResilienceOptionsV2(measure_mitigation=True, measure_noise_learning=MeasureNoiseLearningOptions(num_randomizations=32, shots_per_randomization=4096), zne_mitigation=True, zne=ZneOptions(amplifier='gate_folding', noise_factors=(1.0, 3.0, 5.0), extrapolator='exponential', extrapolated_noise_factors=Unset), pec_mitigation=Unset, pec=PecOptions(max_overhead=Unset, noise_gain=Unset), layer_noise_learning=LayerNoiseLearningOptions(max_layers_to_learn=Unset, shots_per_randomization=Unset, num_randomizations=Unset, layer_pair_depths=Unset), layer_noise_model=Unset), execution=ExecutionOptionsV2(init_qubits=Unset, rep_delay=Unset), twirling=TwirlingOptions(enable_gates=True, enable_measure=True, num_randomizations=32, shots_per_randomization=128, strategy=Unset), experimental=Unset)",d4vqbr6aec6c738sm7hg
25q,25,3,Adaptive_Est.,78.02136053,-79.02136053,-1,0.141333333,1.270848679,0.041137695,"EstimatorOptions(_VERSION=2, max_execution_time=Unset, environment=EnvironmentOptions(log_level='WARNING', job_tags=None, private=False), simulator=SimulatorOptions(noise_model=Unset, seed_simulator=Unset, coupling_map=Unset, basis_gates=Unset), default_precision=Unset, default_shots=None, resilience_level=2, seed_estimator=Unset, dynamical_decoupling=DynamicalDecouplingOptions(enable=False, sequence_type=Unset, extra_slack_distribution=Unset, scheduling_method=Unset, skip_reset_qubits=Unset), resilience=ResilienceOptionsV2(measure_mitigation=True, measure_noise_learning=MeasureNoiseLearningOptions(num_randomizations=32, shots_per_randomization=4096), zne_mitigation=True, zne=ZneOptions(amplifier='gate_folding', noise_factors=(1.0, 3.0, 5.0), extrapolator='exponential', extrapolated_noise_factors=Unset), pec_mitigation=Unset, pec=PecOptions(max_overhead=Unset, noise_gain=Unset), layer_noise_learning=LayerNoiseLearningOptions(max_layers_to_learn=Unset, shots_per_randomization=Unset, num_randomizations=Unset, layer_pair_depths=Unset), layer_noise_model=Unset), execution=ExecutionOptionsV2(init_qubits=Unset, rep_delay=Unset), twirling=TwirlingOptions(enable_gates=True, enable_measure=True, num_randomizations=32, shots_per_randomization=128, strategy=Unset), experimental=Unset)",d4vqbscgk3fc73av9d9g
25q,25,1,Default_IBM_Est.,0.53305539,-0.46694461,-1,0.141333333,1.270848679,0.041137695,None,d4vqbosgk3fc73av9d30
25q,25,2,Default_IBM_Est.,0.501744966,-0.498255034,-1,0.141333333,1.270848679,0.041137695,None,d4vqbqkgk3fc73av9d60
25q,25,3,Default_IBM_Est.,0.607170694,-0.392829306,-1,0.141333333,1.270848679,0.041137695,None,d4vqbrkgk3fc73av9d7g
30q,30,1,Adaptive_Est.,0.807918263,0.192081737,1,0.11875969,1.884223039,0.041503906,"EstimatorOptions(_VERSION=2, max_execution_time=Unset, environment=EnvironmentOptions(log_level='WARNING', job_tags=None, private=False), simulator=SimulatorOptions(noise_model=Unset, seed_simulator=Unset, coupling_map=Unset, basis_gates=Unset), default_precision=Unset, default_shots=None, resilience_level=1, seed_estimator=Unset, dynamical_decoupling=DynamicalDecouplingOptions(enable=False, sequence_type=Unset, extra_slack_distribution=Unset, scheduling_method=Unset, skip_reset_qubits=Unset), resilience=ResilienceOptionsV2(measure_mitigation=True, measure_noise_learning=MeasureNoiseLearningOptions(num_randomizations=32, shots_per_randomization=4096), zne_mitigation=False, zne=ZneOptions(amplifier=Unset, noise_factors=Unset, extrapolator=Unset, extrapolated_noise_factors=Unset), pec_mitigation=Unset, pec=PecOptions(max_overhead=Unset, noise_gain=Unset), layer_noise_learning=LayerNoiseLearningOptions(max_layers_to_learn=Unset, shots_per_randomization=Unset, num_randomizations=Unset, layer_pair_depths=Unset), layer_noise_model=Unset), execution=ExecutionOptionsV2(init_qubits=Unset, rep_delay=Unset), twirling=TwirlingOptions(enable_gates=False, enable_measure=True, num_randomizations=32, shots_per_randomization=128, strategy=Unset), experimental=Unset)",d4vqbqcgk3fc73av9d5g
30q,30,2,Adaptive_Est.,0.716403162,0.283596838,1,0.11875969,1.884223039,0.041503906,"EstimatorOptions(_VERSION=2, max_execution_time=Unset, environment=EnvironmentOptions(log_level='WARNING', job_tags=None, private=False), simulator=SimulatorOptions(noise_model=Unset, seed_simulator=Unset, coupling_map=Unset, basis_gates=Unset), default_precision=Unset, default_shots=None, resilience_level=1, seed_estimator=Unset, dynamical_decoupling=DynamicalDecouplingOptions(enable=False, sequence_type=Unset, extra_slack_distribution=Unset, scheduling_method=Unset, skip_reset_qubits=Unset), resilience=ResilienceOptionsV2(measure_mitigation=True, measure_noise_learning=MeasureNoiseLearningOptions(num_randomizations=32, shots_per_randomization=4096), zne_mitigation=False, zne=ZneOptions(amplifier=Unset, noise_factors=Unset, extrapolator=Unset, extrapolated_noise_factors=Unset), pec_mitigation=Unset, pec=PecOptions(max_overhead=Unset, noise_gain=Unset), layer_noise_learning=LayerNoiseLearningOptions(max_layers_to_learn=Unset, shots_per_randomization=Unset, num_randomizations=Unset, layer_pair_depths=Unset), layer_noise_model=Unset), execution=ExecutionOptionsV2(init_qubits=Unset, rep_delay=Unset), twirling=TwirlingOptions(enable_gates=False, enable_measure=True, num_randomizations=32, shots_per_randomization=128, strategy=Unset), experimental=Unset)",d4vqbrdeastc73cih6og
30q,30,3,Adaptive_Est.,0.748473431,0.251526569,1,0.11875969,1.884223039,0.041503906,"EstimatorOptions(_VERSION=2, max_execution_time=Unset, environment=EnvironmentOptions(log_level='WARNING', job_tags=None, private=False), simulator=SimulatorOptions(noise_model=Unset, seed_simulator=Unset, coupling_map=Unset, basis_gates=Unset), default_precision=Unset, default_shots=None, resilience_level=1, seed_estimator=Unset, dynamical_decoupling=DynamicalDecouplingOptions(enable=False, sequence_type=Unset, extra_slack_distribution=Unset, scheduling_method=Unset, skip_reset_qubits=Unset), resilience=ResilienceOptionsV2(measure_mitigation=True, measure_noise_learning=MeasureNoiseLearningOptions(num_randomizations=32, shots_per_randomization=4096), zne_mitigation=False, zne=ZneOptions(amplifier=Unset, noise_factors=Unset, extrapolator=Unset, extrapolated_noise_factors=Unset), pec_mitigation=Unset, pec=PecOptions(max_overhead=Unset, noise_gain=Unset), layer_noise_learning=LayerNoiseLearningOptions(max_layers_to_learn=Unset, shots_per_randomization=Unset, num_randomizations=Unset, layer_pair_depths=Unset), layer_noise_model=Unset), execution=ExecutionOptionsV2(init_qubits=Unset, rep_delay=Unset), twirling=TwirlingOptions(enable_gates=False, enable_measure=True, num_randomizations=32, shots_per_randomization=128, strategy=Unset), experimental=Unset)",d4vqbsuaec6c738sm7k0
30q,30,1,Default_IBM_Est.,0.807978364,0.192021636,1,0.11875969,1.884223039,0.041503906,None,d4vqbosgk3fc73av9d30
30q,30,2,Default_IBM_Est.,0.713425647,0.286574353,1,0.11875969,1.884223039,0.041503906,None,d4vqbqkgk3fc73av9d60
30q,30,3,Default_IBM_Est.,0.781458878,0.218541122,1,0.11875969,1.884223039,0.041503906,None,d4vqbrkgk3fc73av9d7g
35q,35,1,Adaptive_Est.,0.772090189,-0.227909811,-1,0.1024,2.571319793,0.041503906,"EstimatorOptions(_VERSION=2, max_execution_time=Unset, environment=EnvironmentOptions(log_level='WARNING', job_tags=None, private=False), simulator=SimulatorOptions(noise_model=Unset, seed_simulator=Unset, coupling_map=Unset, basis_gates=Unset), default_precision=Unset, default_shots=None, resilience_level=1, seed_estimator=Unset, dynamical_decoupling=DynamicalDecouplingOptions(enable=False, sequence_type=Unset, extra_slack_distribution=Unset, scheduling_method=Unset, skip_reset_qubits=Unset), resilience=ResilienceOptionsV2(measure_mitigation=True, measure_noise_learning=MeasureNoiseLearningOptions(num_randomizations=32, shots_per_randomization=4096), zne_mitigation=False, zne=ZneOptions(amplifier=Unset, noise_factors=Unset, extrapolator=Unset, extrapolated_noise_factors=Unset), pec_mitigation=Unset, pec=PecOptions(max_overhead=Unset, noise_gain=Unset), layer_noise_learning=LayerNoiseLearningOptions(max_layers_to_learn=Unset, shots_per_randomization=Unset, num_randomizations=Unset, layer_pair_depths=Unset), layer_noise_model=Unset), execution=ExecutionOptionsV2(init_qubits=Unset, rep_delay=Unset), twirling=TwirlingOptions(enable_gates=False, enable_measure=True, num_randomizations=32, shots_per_randomization=128, strategy=Unset), experimental=Unset)",d4vqtefg0u6s73db3lsg
35q,35,2,Adaptive_Est.,0.748192771,-0.251807229,-1,0.1024,2.571319793,0.041503906,"EstimatorOptions(_VERSION=2, max_execution_time=Unset, environment=EnvironmentOptions(log_level='WARNING', job_tags=None, private=False), simulator=SimulatorOptions(noise_model=Unset, seed_simulator=Unset, coupling_map=Unset, basis_gates=Unset), default_precision=Unset, default_shots=None, resilience_level=1, seed_estimator=Unset, dynamical_decoupling=DynamicalDecouplingOptions(enable=False, sequence_type=Unset, extra_slack_distribution=Unset, scheduling_method=Unset, skip_reset_qubits=Unset), resilience=ResilienceOptionsV2(measure_mitigation=True, measure_noise_learning=MeasureNoiseLearningOptions(num_randomizations=32, shots_per_randomization=4096), zne_mitigation=False, zne=ZneOptions(amplifier=Unset, noise_factors=Unset, extrapolator=Unset, extrapolated_noise_factors=Unset), pec_mitigation=Unset, pec=PecOptions(max_overhead=Unset, noise_gain=Unset), layer_noise_learning=LayerNoiseLearningOptions(max_layers_to_learn=Unset, shots_per_randomization=Unset, num_randomizations=Unset, layer_pair_depths=Unset), layer_noise_model=Unset), execution=ExecutionOptionsV2(init_qubits=Unset, rep_delay=Unset), twirling=TwirlingOptions(enable_gates=False, enable_measure=True, num_randomizations=32, shots_per_randomization=128, strategy=Unset), experimental=Unset)",d4vqtfuaec6c738smp50
35q,35,3,Adaptive_Est.,0.845373891,-0.154626109,-1,0.1024,2.571319793,0.041503906,"EstimatorOptions(_VERSION=2, max_execution_time=Unset, environment=EnvironmentOptions(log_level='WARNING', job_tags=None, private=False), simulator=SimulatorOptions(noise_model=Unset, seed_simulator=Unset, coupling_map=Unset, basis_gates=Unset), default_precision=Unset, default_shots=None, resilience_level=1, seed_estimator=Unset, dynamical_decoupling=DynamicalDecouplingOptions(enable=False, sequence_type=Unset, extra_slack_distribution=Unset, scheduling_method=Unset, skip_reset_qubits=Unset), resilience=ResilienceOptionsV2(measure_mitigation=True, measure_noise_learning=MeasureNoiseLearningOptions(num_randomizations=32, shots_per_randomization=4096), zne_mitigation=False, zne=ZneOptions(amplifier=Unset, noise_factors=Unset, extrapolator=Unset, extrapolated_noise_factors=Unset), pec_mitigation=Unset, pec=PecOptions(max_overhead=Unset, noise_gain=Unset), layer_noise_learning=LayerNoiseLearningOptions(max_layers_to_learn=Unset, shots_per_randomization=Unset, num_randomizations=Unset, layer_pair_depths=Unset), layer_noise_model=Unset), execution=ExecutionOptionsV2(init_qubits=Unset, rep_delay=Unset), twirling=TwirlingOptions(enable_gates=False, enable_measure=True, num_randomizations=32, shots_per_randomization=128, strategy=Unset), experimental=Unset)",d4vqthcgk3fc73av9v7g
35q,35,1,Default_IBM_Est.,0.933240612,-0.066759388,-1,0.1024,2.571319793,0.041503906,None,d4vqtdeaec6c738smp10
35q,35,2,Default_IBM_Est.,0.934225621,-0.065774379,-1,0.1024,2.571319793,0.041503906,None,d4vqteteastc73cihob0
35q,35,3,Default_IBM_Est.,1.040704501,0.040704501,-1,0.1024,2.571319793,0.041503906,None,d4vqtgkgk3fc73av9v5g
45q,45,1,Adaptive_Est.,0.782255954,-0.217744046,-1,0.080277778,3.780996567,0.084716797,"EstimatorOptions(_VERSION=2, max_execution_time=Unset, environment=EnvironmentOptions(log_level='WARNING', job_tags=None, private=False), simulator=SimulatorOptions(noise_model=Unset, seed_simulator=Unset, coupling_map=Unset, basis_gates=Unset), default_precision=Unset, default_shots=None, resilience_level=1, seed_estimator=Unset, dynamical_decoupling=DynamicalDecouplingOptions(enable=False, sequence_type=Unset, extra_slack_distribution=Unset, scheduling_method=Unset, skip_reset_qubits=Unset), resilience=ResilienceOptionsV2(measure_mitigation=True, measure_noise_learning=MeasureNoiseLearningOptions(num_randomizations=32, shots_per_randomization=4096), zne_mitigation=False, zne=ZneOptions(amplifier=Unset, noise_factors=Unset, extrapolator=Unset, extrapolated_noise_factors=Unset), pec_mitigation=Unset, pec=PecOptions(max_overhead=Unset, noise_gain=Unset), layer_noise_learning=LayerNoiseLearningOptions(max_layers_to_learn=Unset, shots_per_randomization=Unset, num_randomizations=Unset, layer_pair_depths=Unset), layer_noise_model=Unset), execution=ExecutionOptionsV2(init_qubits=Unset, rep_delay=Unset), twirling=TwirlingOptions(enable_gates=False, enable_measure=True, num_randomizations=32, shots_per_randomization=128, strategy=Unset), experimental=Unset)",d4vqteleastc73cihoag
45q,45,2,Adaptive_Est.,0.971553611,-0.028446389,-1,0.080277778,3.780996567,0.084716797,"EstimatorOptions(_VERSION=2, max_execution_time=Unset, environment=EnvironmentOptions(log_level='WARNING', job_tags=None, private=False), simulator=SimulatorOptions(noise_model=Unset, seed_simulator=Unset, coupling_map=Unset, basis_gates=Unset), default_precision=Unset, default_shots=None, resilience_level=1, seed_estimator=Unset, dynamical_decoupling=DynamicalDecouplingOptions(enable=False, sequence_type=Unset, extra_slack_distribution=Unset, scheduling_method=Unset, skip_reset_qubits=Unset), resilience=ResilienceOptionsV2(measure_mitigation=True, measure_noise_learning=MeasureNoiseLearningOptions(num_randomizations=32, shots_per_randomization=4096), zne_mitigation=False, zne=ZneOptions(amplifier=Unset, noise_factors=Unset, extrapolator=Unset, extrapolated_noise_factors=Unset), pec_mitigation=Unset, pec=PecOptions(max_overhead=Unset, noise_gain=Unset), layer_noise_learning=LayerNoiseLearningOptions(max_layers_to_learn=Unset, shots_per_randomization=Unset, num_randomizations=Unset, layer_pair_depths=Unset), layer_noise_model=Unset), execution=ExecutionOptionsV2(init_qubits=Unset, rep_delay=Unset), twirling=TwirlingOptions(enable_gates=False, enable_measure=True, num_randomizations=32, shots_per_randomization=128, strategy=Unset), experimental=Unset)",d4vqtg6aec6c738smp60
45q,45,3,Adaptive_Est.,0.772897697,-0.227102303,-1,0.080277778,3.780996567,0.084716797,"EstimatorOptions(_VERSION=2, max_execution_time=Unset, environment=EnvironmentOptions(log_level='WARNING', job_tags=None, private=False), simulator=SimulatorOptions(noise_model=Unset, seed_simulator=Unset, coupling_map=Unset, basis_gates=Unset), default_precision=Unset, default_shots=None, resilience_level=1, seed_estimator=Unset, dynamical_decoupling=DynamicalDecouplingOptions(enable=False, sequence_type=Unset, extra_slack_distribution=Unset, scheduling_method=Unset, skip_reset_qubits=Unset), resilience=ResilienceOptionsV2(measure_mitigation=True, measure_noise_learning=MeasureNoiseLearningOptions(num_randomizations=32, shots_per_randomization=4096), zne_mitigation=False, zne=ZneOptions(amplifier=Unset, noise_factors=Unset, extrapolator=Unset, extrapolated_noise_factors=Unset), pec_mitigation=Unset, pec=PecOptions(max_overhead=Unset, noise_gain=Unset), layer_noise_learning=LayerNoiseLearningOptions(max_layers_to_learn=Unset, shots_per_randomization=Unset, num_randomizations=Unset, layer_pair_depths=Unset), layer_noise_model=Unset), execution=ExecutionOptionsV2(init_qubits=Unset, rep_delay=Unset), twirling=TwirlingOptions(enable_gates=False, enable_measure=True, num_randomizations=32, shots_per_randomization=128, strategy=Unset), experimental=Unset)",d4vqthuaec6c738smp80
45q,45,1,Default_IBM_Est.,1.033025741,0.033025741,-1,0.080277778,3.780996567,0.084716797,None,d4vqtdeaec6c738smp10
45q,45,2,Default_IBM_Est.,1.01100665,0.01100665,-1,0.080277778,3.780996567,0.084716797,None,d4vqteteastc73cihob0
45q,45,3,Default_IBM_Est.,0.908910891,-0.091089109,-1,0.080277778,3.780996567,0.084716797,None,d4vqtgkgk3fc73av9v5g
